company
Vanke                    10.63	8.13   0.027  7.7    0.077  1.65  0.13  0.14   0.3    36.57
Investment real estate   48.042	8.11   0.046  8.02   0.107  2.13  0.18  0.19   0.83   13.53
Cofco real estate        30.14  14.73  0.036  57.03 -0.129  0.272 0.042 0.0208 1.46   14.84
Deep Great Wall          30.01  9.56   32.21  8.56   0.415  2.214 0.136 0.138  0.897 -0.03
Catic real estate        159.8  10.44  6.74   9.03   0.086  2.47  0.1   0.12   0.92   25.02
Financial street        -31.4   4.18   0.021  1.7    0.017  2.28  0.07  0.07   0.22   10.41
Beichen industrial      -71.3   2.01   0.015  0.84  -0.01   2.61  0.2   0.17   0.05  -2.22
Rhine home buyers       -12.84  7.87   7.34   28.06  1.62 1.456 0.375 0.355 0.137 28.06
Enterprise shares       -33.7  -5.13   10.17  1.46   0.022 1.39 0.17 0.17 -0.111 52.09
Wanfang real estate     -10.6   8.04   9.29   10.91  0.11 1.75 0.26 0.16 0.11 24.81
The enterprise          -51.1   3.91   0.016  4.07   0.048 2.37 0.1 0.11 0.11 54.69
Binjiang group           20.27  11.82  0.026  11.15  0.096 1.51 0.08 0.08 0.33 45.08